827160620784300
827160774117618
827160920784270
827161144117581
827163160784046
827164467450582
827164714117224
827164834117212
529233744205654
529233764205652
529233777538984
529233794205649
529233810872314
529233834205645
529233847538977
213419185473973
213419212140637
213723112110247
213419238807301
213419275473964
213419298807295
213419225473969
213405858808639
213405765475315
213405838808641
216114231871135
213405832141975
213405912141967
216114221871136
213405758808649
213405852141973
213405745475317
213405782141980
213405738808651
213405812141977
213405805475311
213405732141985
213405902141968
213405722141986